1 1000
2 1000
3 1000
4 1000
5 1000
6 1000
7 1000
8 1000
9 1000
10 979.31
11 960.345
12 941.379
13 922.414
14 903.448
15 884.483
16 865.517
17 846.552
18 827.586
19 808.621
20 774.138
21 756.897
22 739.655
23 722.414
24 705.172
25 687.931
26 670.69
27 653.448
28 636.207
29 618.966
30 601.724
31 584.483
32 567.241
33 550
34 532.759
35 515.517
36 498.276
37 481.034
38 463.793
39 446.552
40 413.793
41 396.552
42 363.793
43 331.034
44 298.276
45 265.517
46 232.759
47 200
48 167.241
49 134.483
50 86.2069
